120.8833  22.3330
120.8833  22.3263
120.8833  22.3197
120.8833  22.3130
120.8833  22.3063
120.8833  22.2997
120.8833  22.2930
120.8833  22.2863
120.8833  22.2797
120.8833  22.2730
120.8833  22.2663
120.8875  22.2597
120.8875  22.2530
120.8875  22.2463
120.8875  22.2397
120.8875  22.2330
120.8875  22.2263
120.8833  22.2197
120.8833  22.2130
120.8833  22.1997
120.8833  22.1863
120.8833  22.1797
120.8833  22.1730
120.8833  22.1663
120.8833  22.1597
120.8833  22.1530
120.8833  22.1463
120.8833  22.1397
120.8792  22.1330
120.8792  22.1197
120.8833  22.1130
120.8875  22.1063
120.8917  22.1063
120.8917  22.0997
120.8875  22.0930
120.8833  22.0863
120.8833  22.0730
120.8833  22.0663
120.8833  22.0597
120.8833  22.0530
120.8833  22.0463
120.8833  22.0330
120.8792  22.0263
120.8750  22.0197
120.8708  22.0130
120.8667  22.0130
120.8667  22.0065
120.8667  21.9997
120.8583  21.9997
120.8542  21.9930
120.8500  21.9930
120.8458  21.9930
120.8417  21.9930
120.8375  21.9930
120.8333  21.9865
120.8292  21.9798
120.8292  21.9732
120.8292  21.9663
120.8292  21.9598
120.8292  21.9530
120.8292  21.9465
120.8333  21.9397
120.8375  21.9332
120.8417  21.9265
120.8458  21.9198
120.8500  21.9132
120.8500  21.9065
120.8500  21.8998
120.8458  21.8932
120.8417  21.8932
120.8375  21.8998
120.8333  21.8998
120.8292  21.8998
120.8292  21.9065
120.8292  21.9132
120.8250  21.9132
120.8208  21.9198
120.8167  21.9198
120.8167  21.9265
120.8125  21.9265
120.8083  21.9332
120.8042  21.9332
120.8000  21.9332
120.7958  21.9332
120.7917  21.9397
120.7875  21.9397
120.7833  21.9397
120.7792  21.9465
120.7750  21.9465
120.7708  21.9465
120.7667  21.9465
120.7625  21.9530
120.7583  21.9530
120.7542  21.9530
120.7500  21.9598
120.7458  21.9598
120.7375  21.9598
120.7333  21.9530
120.7292  21.9530
120.7250  21.9465
120.7250  21.9332
120.7208  21.9265
120.7167  21.9198
120.7125  21.9198
120.7083  21.9198
120.7042  21.9198
120.7000  21.9265
120.6958  21.9332
120.6917  21.9397
120.6875  21.9397
120.6875  21.9465
120.6875  21.9530
120.6917  21.9598
120.6917  21.9663
120.6917  21.9732
120.6917  21.9865
120.6875  21.9930
120.6833  21.9997
120.6792  21.9997
120.6783  21.9997
120.6750  22.0065
120.6708  22.0130
120.6708  22.0197
120.6708  22.0330
120.6750  22.0330
120.6792  22.0397
120.6792  22.0463
120.6833  22.0530
120.6875  22.0530
120.6917  22.0597
120.6917  22.0663
120.6917  22.0863
120.6958  22.0863
120.7000  22.0863
120.7000  22.0930
120.7000  22.0997
120.7000  22.1063
120.6958  22.1130
120.6917  22.1197
120.6875  22.1263
120.6875  22.1330
120.6833  22.1397
120.6833  22.1463
120.6833  22.1530
120.6833  22.1597
120.6792  22.1663
120.6792  22.1730
120.6750  22.1797
120.6708  22.1863
120.6708  22.1930
120.6708  22.1997
120.6708  22.2063
120.6667  22.2130
120.6667  22.2197
120.6625  22.2263
120.6625  22.2330
120.6583  22.2397
120.6542  22.2463
120.6500  22.2530
120.6458  22.2530
120.6417  22.2597
120.6417  22.2663
120.6417  22.2730
120.6417  22.2797
120.6375  22.2863
120.6375  22.2930
120.6333  22.2997
120.6333  22.3063
120.6292  22.3130
120.6250  22.3130
120.6250  22.3197
120.6208  22.3197
120.6167  22.3263
120.6125  22.3263
120.6083  22.3330
120.6042  22.3397
120.6042  22.3463
120.6000  22.3530
120.5958  22.3597
120.5917  22.3597
120.5833  22.3663
120.5792  22.3730
120.5750  22.3730
120.5708  22.3797
120.5667  22.3797
120.5583  22.3863
120.5542  22.3863
120.5500  22.3930
120.5458  22.3930
120.5417  22.3930
120.5375  22.3997
120.5333  22.3997
120.5292  22.3997
120.5250  22.4063
120.5208  22.4063
120.5167  22.4063
120.5125  22.4130
120.5042  22.4130
120.5000  22.4197
120.4958  22.4197
120.4917  22.4263
120.4875  22.4263
120.4833  22.4263
120.4792  22.4330
120.4750  22.4330
120.4708  22.4330
120.4667  22.4330
120.4625  22.4397
120.4583  22.4397
120.4542  22.4397
120.4500  22.4463
120.4458  22.4530
120.4417  22.4530
120.4375  22.4530
120.4375  22.4597
120.4333  22.4663
120.4292  22.4730
120.4250  22.4730
120.4208  22.4730
120.4167  22.4797
120.4167  22.4863
120.4083  22.4863
120.4083  22.4797
120.4042  22.4730
120.4000  22.4730
120.3958  22.4797
120.3875  22.4797
120.3833  22.4863
120.3792  22.4863
120.3750  22.4930
120.3708  22.4930
120.3667  22.4930
120.3583  22.4997
120.3542  22.5063
120.3500  22.5063
120.3458  22.5130
120.3417  22.5130
120.3375  22.5197
120.3333  22.5197
120.3292  22.5263
120.3250  22.5263
120.3208  22.5330
120.3167  22.5397
120.3125  22.5463
120.3083  22.5463
120.3042  22.5530
120.3000  22.5597
120.2958  22.5597
120.2917  22.5663
120.2875  22.5730
120.2833  22.5797
120.2792  22.5863
120.2750  22.5863
120.2708  22.5930
120.2708  22.5997
120.2667  22.6063
120.2625  22.6130
120.2583  22.6130
120.2583  22.6197
120.2583  22.6263
120.2542  22.6330
120.2500  22.6330
120.2458  22.6397
120.2417  22.6463
120.2417  22.6530
120.2417  22.6597
120.2458  22.6663
120.2500  22.6663
120.2542  22.6663
120.2583  22.6730
120.2625  22.6730
120.2625  22.6797
120.2625  22.6863
120.2625  22.6930
120.2583  22.6997
120.2583  22.7063
120.2542  22.7130
120.2542  22.7197
120.2500  22.7263
120.2458  22.7330
120.2417  22.7397
120.2375  22.7463
120.2333  22.7530
120.2333  22.7597
120.2292  22.7663
120.2250  22.7730
120.2208  22.7797
120.2208  22.7863
120.2167  22.7930
120.2125  22.7997
120.2125  22.8063
120.2083  22.8130
120.2042  22.8197
120.2042  22.8263
120.2000  22.8330
120.2000  22.8397
120.1958  22.8463
120.1958  22.8530
120.1917  22.8597
120.1917  22.8663
120.1875  22.8730
120.1875  22.8797
120.1833  22.8863
120.1792  22.8930
120.1792  22.8997
120.1750  22.9063
120.1750  22.9263
120.1750  22.9330
120.1750  22.9397
120.1708  22.9463
120.1708  22.9530
120.1667  22.9597
120.1625  22.9663
120.1583  22.9730
120.1542  22.9797
120.1500  22.9863
120.1458  22.9930
120.1417  22.9930
120.1375  22.9997
120.1333  22.9997
120.1292  22.9997
120.1250  23.0063
120.1208  23.0063
120.1167  23.0130
120.1125  23.0130
120.1083  23.0197
120.1042  23.0197
120.1000  23.0197
120.0958  23.0263
120.0917  23.0263
120.0833  23.0330
120.0792  23.0397
120.0750  23.0397
120.0708  23.0397
120.0667  23.0463
120.0625  23.0463
120.0583  23.0597
120.0583  23.0730
120.0583  23.0797
120.0583  23.0863
120.0625  23.0930
120.0667  23.0997
120.0667  23.1063
120.0708  23.1130
120.0750  23.1197
120.0792  23.1197
120.0792  23.1263
120.0792  23.1330
120.0792  23.1397
120.0833  23.1463
120.0833  23.1530
120.0833  23.1597
120.0833  23.1663
120.0833  23.1730
120.0833  23.1863
120.0833  23.1930
120.0875  23.1997
120.0875  23.2063
120.0875  23.2130
120.0875  23.2197
120.0875  23.2330
120.0917  23.2397
120.0958  23.2463
120.1000  23.2530
120.1000  23.2597
120.1083  23.2730
120.1125  23.2797
120.1125  23.2863
120.1125  23.2930
120.1083  23.2997
120.1083  23.3130
120.1125  23.3197
120.1125  23.3263
120.1167  23.3330
120.1208  23.3397
120.1250  23.3397
120.1292  23.3463
120.1292  23.3530
120.1333  23.3597
120.1375  23.3663
120.1375  23.3730
120.1375  23.3797
120.1417  23.3863
120.1458  23.3930
120.1500  23.3997
120.1500  23.4063
120.1500  23.4197
120.1458  23.4263
120.1458  23.4397
120.1458  23.4530
120.1417  23.4597
120.1417  23.4663
120.1417  23.4730
120.1458  23.4730
120.1500  23.4797
120.1500  23.4863
120.1500  23.4997
120.1458  23.5063
120.1458  23.5130
120.1458  23.5197
120.1458  23.5263
120.1458  23.5330
120.1417  23.5397
120.1375  23.5463
120.1375  23.5530
120.1375  23.5597
120.1375  23.5663
120.1375  23.5730
120.1333  23.5797
120.1333  23.5863
120.1333  23.5930
120.1292  23.5997
120.1292  23.6063
120.1292  23.6197
120.1333  23.6263
120.1333  23.6330
120.1375  23.6397
120.1417  23.6463
120.1417  23.6530
120.1458  23.6597
120.1500  23.6663
120.1542  23.6730
120.1542  23.6797
120.1583  23.6863
120.1625  23.6930
120.1667  23.6997
120.1708  23.6997
120.1750  23.6997
120.1792  23.7063
120.1833  23.7130
120.1833  23.7197
120.1833  23.7197
120.1875  23.7263
120.1875  23.7330
120.1875  23.7397
120.1875  23.7463
120.1917  23.7530
120.1917  23.7597
120.1917  23.7663
120.1958  23.7730
120.2000  23.7797
120.2042  23.7863
120.2125  23.7930
120.2167  23.7997
120.2208  23.7997
120.2250  23.8063
120.2292  23.8130
120.2333  23.8197
120.2375  23.8263
120.2417  23.8263
120.2458  23.8330
120.2500  23.8397
120.2542  23.8463
120.2583  23.8463
120.2625  23.8530
120.2667  23.8597
120.2708  23.8663
120.2750  23.8730
120.2792  23.8797
120.2833  23.8863
120.2875  23.8930
120.2917  23.8997
120.2917  23.9063
120.2958  23.9130
120.3000  23.9197
120.3042  23.9263
120.3083  23.9330
120.3125  23.9397
120.3167  23.9463
120.3167  23.9530
120.3208  23.9530
120.3250  23.9597
120.3292  23.9663
120.3333  23.9730
120.3375  23.9797
120.3417  23.9863
120.3417  23.9930
120.3417  23.9997
120.3458  24.0063
120.3458  24.0130
120.3500  24.0197
120.3500  24.0263
120.3542  24.0330
120.3583  24.0397
120.3625  24.0397
120.3667  24.0463
120.3708  24.0463
120.3750  24.0530
120.3792  24.0530
120.3833  24.0530
120.3875  24.0530
120.3917  24.0530
120.3958  24.0597
120.4000  24.0663
120.4000  24.0730
120.4042  24.0730
120.4083  24.0797
120.4125  24.0863
120.4167  24.0863
120.4208  24.0863
120.4250  24.0930
120.4250  24.0997
120.4250  24.1063
120.4250  24.1130
120.4292  24.1197
120.4292  24.1263
120.4292  24.1330
120.4333  24.1397
120.4417  24.1397
120.4417  24.1463
120.4458  24.1530
120.4500  24.1530
120.4542  24.1597
120.4583  24.1663
120.4625  24.1663
120.4667  24.1730
120.4708  24.1797
120.4750  24.1797
120.4792  24.1863
120.4833  24.1863
120.4875  24.1930
120.4875  24.1997
120.4875  24.2063
120.4917  24.2063
120.4958  24.2063
120.5000  24.2130
120.5042  24.2197
120.5042  24.2263
120.5083  24.2330
120.5083  24.2397
120.5125  24.2463
120.5167  24.2530
120.5167  24.2597
120.5208  24.2663
120.5208  24.2730
120.5167  24.2730
120.5167  24.2863
120.5167  24.2930
120.5208  24.2930
120.5250  24.2930
120.5333  24.2930
120.5375  24.2997
120.5417  24.2997
120.5458  24.3063
120.5458  24.3130
120.5458  24.3197
120.5500  24.3263
120.5500  24.3330
120.5542  24.3397
120.5583  24.3397
120.5625  24.3463
120.5667  24.3530
120.5708  24.3530
120.5750  24.3597
120.5792  24.3663
120.5792  24.3730
120.5833  24.3797
120.5833  24.3863
120.5875  24.3930
120.5917  24.3997
120.5958  24.4063
120.6000  24.4063
120.6000  24.4130
120.6042  24.4197
120.6083  24.4197
120.6125  24.4263
120.6167  24.4330
120.6208  24.4397
120.6250  24.4463
120.6292  24.4463
120.6333  24.4530
120.6375  24.4530
120.6417  24.4597
120.6458  24.4597
120.6458  24.4597
120.6500  24.4663
120.6542  24.4663
120.6583  24.4730
120.6625  24.4797
120.6667  24.4863
120.6708  24.4930
120.6708  24.4997
120.6750  24.5063
120.6792  24.5130
120.6833  24.5197
120.6833  24.5263
120.6833  24.5330
120.6875  24.5397
120.6875  24.5463
120.6917  24.5530
120.6958  24.5597
120.6958  24.5663
120.7000  24.5730
120.7000  24.5797
120.7042  24.5863
120.7083  24.5930
120.7083  24.5930
120.7125  24.5997
120.7167  24.6063
120.7208  24.6130
120.7250  24.6130
120.7292  24.6130
120.7333  24.6130
120.7375  24.6130
120.7417  24.6130
120.7458  24.6130
120.7500  24.6197
120.7500  24.6263
120.7542  24.6330
120.7542  24.6397
120.7583  24.6463
120.7625  24.6463
120.7667  24.6530
120.7708  24.6597
120.7750  24.6597
120.7792  24.6663
120.7833  24.6663
120.7875  24.6663
120.7917  24.6663
120.7958  24.6663
120.8000  24.6663
120.8042  24.6663
120.8083  24.6663
120.8125  24.6663
120.8167  24.6663
120.8208  24.6663
120.8250  24.6730
120.8250  24.6797
120.8292  24.6863
120.8333  24.6863
120.8375  24.6930
120.8417  24.6930
120.8458  24.6997
120.8500  24.7063
120.8542  24.7130
120.8542  24.7197
120.8542  24.7263
120.8583  24.7263
120.8625  24.7330
120.8667  24.7330
120.8708  24.7397
120.8750  24.7397
120.8792  24.7397
120.8833  24.7397
120.8875  24.7463
120.8917  24.7463
120.8958  24.7530
120.9000  24.7597
120.9042  24.7663
120.9042  24.7730
120.9042  24.7797
120.9083  24.7863
120.9083  24.7930
120.9125  24.7997
120.9125  24.8063
120.9125  24.8197
120.9125  24.8263
120.9125  24.8463
120.9167  24.8530
120.9208  24.8530
120.9250  24.8530
120.9292  24.8597
120.9333  24.8597
120.9375  24.8663
120.9417  24.8730
120.9417  24.8797
120.9417  24.8863
120.9458  24.8930
120.9500  24.8997
120.9542  24.9063
120.9583  24.9063
120.9625  24.9130
120.9625  24.9197
120.9625  24.9263
120.9667  24.9330
120.9708  24.9330
120.9750  24.9397
120.9792  24.9397
120.9833  24.9463
120.9875  24.9530
120.9917  24.9597
120.9958  24.9663
121.0000  24.9730
121.0042  24.9730
121.0083  24.9797
121.0083  24.9863
121.0125  24.9930
121.0125  24.9997
121.0167  25.0063
121.0208  25.0130
121.0250  25.0197
121.0292  25.0197
121.0333  25.0263
121.0375  25.0330
121.0417  25.0330
121.0458  25.0397
121.0500  25.0397
121.0542  25.0463
121.0583  25.0463
121.0625  25.0463
121.0667  25.0463
121.0708  25.0532
121.0750  25.0532
121.0792  25.0598
121.0833  25.0598
121.0875  25.0665
121.0917  25.0665
121.0958  25.0665
121.1000  25.0665
121.1042  25.0732
121.1083  25.0732
121.1125  25.0732
121.1167  25.0732
121.1208  25.0732
121.1250  25.0798
121.1292  25.0798
121.1333  25.0798
121.1375  25.0798
121.1417  25.0798
121.1458  25.0798
121.1500  25.0798
121.1542  25.0798
121.1583  25.0865
121.1625  25.0865
121.1667  25.0865
121.1708  25.0932
121.1750  25.0932
121.1792  25.0998
121.1833  25.0998
121.1875  25.0998
121.1917  25.1065
121.1958  25.1065
121.2000  25.1065
121.2042  25.1065
121.2083  25.1132
121.2125  25.1132
121.2167  25.1132
121.2208  25.1132
121.2250  25.1132
121.2292  25.1132
121.2333  25.1132
121.2375  25.1198
121.2417  25.1198
121.2458  25.1198
121.2500  25.1198
121.2542  25.1198
121.2583  25.1198
121.2625  25.1198
121.2667  25.1198
121.2708  25.1198
121.2750  25.1198
121.2792  25.1198
121.2833  25.1198
121.2875  25.1198
121.2917  25.1198
121.2958  25.1198
121.3000  25.1198
121.3042  25.1198
121.3083  25.1198
121.3125  25.1198
121.3167  25.1198
121.3208  25.1198
121.3250  25.1265
121.3292  25.1265
121.3333  25.1265
121.3375  25.1332
121.3417  25.1332
121.3458  25.1332
121.3500  25.1332
121.3542  25.1398
121.3583  25.1398
121.3625  25.1398
121.3667  25.1398
121.3708  25.1465
121.3750  25.1465
121.3792  25.1465
121.3833  25.1532
121.3875  25.1598
121.3917  25.1598
121.3958  25.1665
121.4000  25.1732
121.4042  25.1665
121.4083  25.1665
121.4125  25.1665
121.4167  25.1598
121.4208  25.1598
121.4250  25.1598
121.4292  25.1532
121.4333  25.1532
121.4333  25.1465
121.4375  25.1398
121.4417  25.1332
121.4458  25.1332
121.4458  25.1398
121.4458  25.1465
121.4458  25.1532
121.4417  25.1598
121.4375  25.1665
121.4333  25.1665
121.4292  25.1732
121.4250  25.1732
121.4208  25.1732
121.4167  25.1798
121.4125  25.1798
121.4083  25.1798
121.4042  25.1865
121.4042  25.1932
121.4083  25.1998
121.4133  25.2065
121.4167  25.2065
121.4208  25.2132
121.4250  25.2198
121.4292  25.2265
121.4333  25.2332
121.4375  25.2398
121.4417  25.2465
121.4458  25.2532
121.4500  25.2532
121.4542  25.2532
121.4583  25.2532
121.4625  25.2532
121.4667  25.2598
121.4708  25.2665
121.4750  25.2732
121.4792  25.2732
121.4833  25.2732
121.4875  25.2798
121.4917  25.2798
121.4958  25.2798
121.5000  25.2865
121.5083  25.2865
121.5125  25.2865
121.5167  25.2865
121.5208  25.2932
121.5250  25.2932
121.5250  25.2998
121.5292  25.2998
121.5333  25.2998
121.5375  25.2998
121.5375  25.2932
121.5417  25.2932
121.5458  25.2932
121.5500  25.2932
121.5542  25.2932
121.5583  25.2998
121.5625  25.2998
121.5667  25.2998
121.5708  25.2998
121.5750  25.2998
121.5792  25.2932
121.5875  25.2932
121.5917  25.2932
121.5917  25.2932
121.5958  25.2865
121.6000  25.2865
121.6042  25.2798
121.6083  25.2798
121.6125  25.2798
121.6167  25.2732
121.6208  25.2665
121.6250  25.2598
121.6292  25.2532
121.6292  25.2465
121.6292  25.2398
121.6333  25.2332
121.6375  25.2332
121.6417  25.2332
121.6417  25.2265
121.6417  25.2198
121.6417  25.2132
121.6458  25.2132
121.6500  25.2132
121.6542  25.2065
121.6583  25.2065
121.6667  25.2065
121.6708  25.2065
121.6750  25.2065
121.6792  25.2065
121.6833  25.2065
121.6792  25.1998
121.6750  25.1932
121.6750  25.1865
121.6792  25.1798
121.6833  25.1798
121.6875  25.1798
121.6917  25.1798
121.6958  25.1732
121.6958  25.1665
121.7000  25.1665
121.7042  25.1665
121.7083  25.1665
121.7125  25.1665
121.7167  25.1665
121.7208  25.1598
121.7250  25.1598
121.7292  25.1532
121.7333  25.1532
121.7375  25.1465
121.7417  25.1398
121.7458  25.1398
121.7500  25.1465
121.7542  25.1532
121.7583  25.1532
121.7625  25.1532
121.7667  25.1465
121.7708  25.1465
121.7750  25.1465
121.7833  25.1465
121.7875  25.1465
121.7917  25.1465
121.7917  25.1398
121.7958  25.1332
121.8000  25.1332
121.8042  25.1332
121.8083  25.1332
121.8083  25.1265
121.8083  25.1198
121.8125  25.1198
121.8167  25.1198
121.8208  25.1265
121.8250  25.1265
121.8292  25.1265
121.8333  25.1265
121.8375  25.1265
121.8417  25.1265
121.8458  25.1265
121.8500  25.1265
121.8542  25.1198
121.8583  25.1198
121.8667  25.1198
121.8708  25.1198
121.8750  25.1198
121.8792  25.1198
121.8833  25.1198
121.8875  25.1198
121.8917  25.1198
121.8958  25.1198
121.9000  25.1198
121.9042  25.1198
121.9083  25.1132
121.9125  25.1132
121.9125  25.1065
121.9083  25.0998
121.9083  25.0932
121.9042  25.0865
121.9042  25.0798
121.9042  25.0732
121.9083  25.0732
121.9125  25.0665
121.9167  25.0665
121.9167  25.0598
121.9167  25.0532
121.9167  25.0463
121.9208  25.0397
121.9250  25.0330
121.9292  25.0263
121.9333  25.0263
121.9375  25.0197
121.9417  25.0197
121.9458  25.0197
121.9500  25.0197
121.9542  25.0263
121.9583  25.0263
121.9625  25.0263
121.9667  25.0263
121.9708  25.0263
121.9750  25.0197
121.9792  25.0197
121.9792  25.0130
121.9833  25.0130
121.9875  25.0130
121.9917  25.0130
121.9917  24.9997
121.9875  24.9997
121.9833  24.9997
121.9792  24.9997
121.9750  24.9997
121.9708  24.9930
121.9667  24.9930
121.9625  24.9930
121.9583  24.9930
121.9542  24.9863
121.9500  24.9863
121.9458  24.9863
121.9417  24.9797
121.9375  24.9797
121.9333  24.9797
121.9292  24.9797
121.9250  24.9730
121.9208  24.9730
121.9167  24.9663
121.9125  24.9597
121.9083  24.9530
121.9042  24.9530
121.9000  24.9463
121.8958  24.9463
121.8917  24.9463
121.8875  24.9397
121.8833  24.9397
121.8833  24.9330
121.8833  24.9263
121.8792  24.9197
121.8750  24.9197
121.8708  24.9130
121.8667  24.9130
121.8625  24.9063
121.8583  24.8997
121.8542  24.8997
121.8500  24.8930
121.8458  24.8863
121.8417  24.8863
121.8375  24.8797
121.8333  24.8730
121.8333  24.8663
121.8292  24.8597
121.8292  24.8538
121.8250  24.8463
121.8208  24.8397
121.8208  24.8330
121.8208  24.8263
121.8167  24.8197
121.8167  24.8130
121.8167  24.8063
121.8167  24.7997
121.8167  24.7930
121.8167  24.7863
121.8167  24.7797
121.8167  24.7730
121.8167  24.7663
121.8167  24.7597
121.8167  24.7530
121.8167  24.7463
121.8208  24.7397
121.8208  24.7330
121.8250  24.7263
121.8292  24.7197
121.8292  24.7130
121.8333  24.7063
121.8333  24.6997
121.8333  24.6930
121.8333  24.6863
121.8333  24.6797
121.8333  24.6730
121.8333  24.6663
121.8333  24.6597
121.8375  24.6530
121.8375  24.6463
121.8417  24.6397
121.8417  24.6330
121.8458  24.6263
121.8500  24.6197
121.8542  24.6130
121.8542  24.6063
121.8542  24.5997
121.8542  24.5930
121.8583  24.5930
121.8625  24.5930
121.8667  24.5863
121.8667  24.5797
121.8625  24.5797
121.8625  24.5730
121.8625  24.5663
121.8625  24.5597
121.8625  24.5530
121.8667  24.5463
121.8625  24.5397
121.8625  24.5330
121.8583  24.5330
121.8542  24.5330
121.8500  24.5263
121.8458  24.5263
121.8417  24.5263
121.8375  24.5263
121.8333  24.5197
121.8333  24.5130
121.8292  24.5063
121.8333  24.4997
121.8375  24.4997
121.8417  24.4930
121.8458  24.4863
121.8500  24.4863
121.8542  24.4797
121.8500  24.4797
121.8458  24.4797
121.8417  24.4797
121.8375  24.4797
121.8333  24.4797
121.8292  24.4730
121.8250  24.4730
121.8208  24.4663
121.8167  24.4663
121.8167  24.4597
121.8125  24.4530
121.8083  24.4530
121.8042  24.4463
121.8000  24.4463
121.7958  24.4397
121.7917  24.4330
121.7875  24.4263
121.7833  24.4197
121.7833  24.4130
121.7833  24.4063
121.7833  24.4063
121.7792  24.3930
121.7792  24.3863
121.7792  24.3797
121.7792  24.3730
121.7750  24.3663
121.7708  24.3597
121.7667  24.3530
121.7667  24.3463
121.7625  24.3397
121.7625  24.3330
121.7625  24.3263
121.7625  24.3197
121.7625  24.3130
121.7625  24.3063
121.7583  24.3063
121.7542  24.3063
121.7500  24.2997
121.7458  24.2930
121.7417  24.2863
121.7375  24.2797
121.7375  24.2730
121.7375  24.2663
121.7333  24.2597
121.7292  24.2597
121.7250  24.2530
121.7208  24.2463
121.7167  24.2463
121.7125  24.2463
121.7083  24.2397
121.7042  24.2397
121.7000  24.2330
121.6958  24.2263
121.6917  24.2263
121.6875  24.2197
121.6833  24.2197
121.6792  24.2197
121.6750  24.2130
121.6708  24.2130
121.6667  24.2130
121.6625  24.2130
121.6583  24.2063
121.6542  24.1997
121.6542  24.1930
121.6500  24.1863
121.6500  24.1797
121.6500  24.1730
121.6542  24.1663
121.6583  24.1597
121.6583  24.1530
121.6583  24.1463
121.6583  24.1397
121.6542  24.1330
121.6500  24.1330
121.6458  24.1263
121.6417  24.1263
121.6375  24.1197
121.6333  24.1197
121.6292  24.1130
121.6250  24.1130
121.6208  24.1063
121.6167  24.0997
121.6125  24.0930
121.6083  24.0863
121.6083  24.0797
121.6083  24.0730
121.6083  24.0663
121.6083  24.0597
121.6125  24.0530
121.6125  24.0463
121.6167  24.0397
121.6208  24.0330
121.6250  24.0263
121.6292  24.0263
121.6333  24.0197
121.6333  24.0063
121.6292  23.9997
121.6250  23.9930
121.6208  23.9930
121.6167  23.9863
121.6125  23.9797
121.6083  23.9797
121.6042  23.9730
121.6000  23.9663
121.6000  23.9597
121.6000  23.9530
121.6000  23.9263
121.6000  23.9197
121.5958  23.9130
121.5958  23.9063
121.5958  23.8997
121.5958  23.8930
121.5958  23.8863
121.5917  23.8797
121.5917  23.8730
121.5875  23.8663
121.5875  23.8597
121.5875  23.8530
121.5833  23.8463
121.5833  23.8397
121.5792  23.8330
121.5750  23.8263
121.5708  23.8197
121.5667  23.8130
121.5625  23.8063
121.5625  23.7997
121.5625  23.7930
121.5625  23.7863
121.5625  23.7797
121.5625  23.7730
121.5625  23.7663
121.5625  23.7597
121.5625  23.7530
121.5583  23.7530
121.5583  23.7463
121.5542  23.7463
121.5542  23.7397
121.5500  23.7330
121.5458  23.7263
121.5417  23.7263
121.5375  23.7197
121.5375  23.7130
121.5375  23.7063
121.5375  23.6863
121.5375  23.6797
121.5375  23.6730
121.5333  23.6663
121.5333  23.6597
121.5292  23.6530
121.5250  23.6463
121.5208  23.6397
121.5208  23.6330
121.5208  23.6263
121.5208  23.6197
121.5208  23.6130
121.5208  23.6063
121.5167  23.5997
121.5167  23.5930
121.5167  23.5863
121.5167  23.5797
121.5125  23.5730
121.5083  23.5663
121.5042  23.5597
121.5000  23.5530
121.4958  23.5463
121.4958  23.5397
121.4958  23.5330
121.4917  23.5263
121.4917  23.5197
121.4917  23.5130
121.4917  23.5063
121.4917  23.4997
121.4958  23.4930
121.5000  23.4863
121.5000  23.4797
121.4958  23.4730
121.4917  23.4663
121.4875  23.4597
121.4875  23.4530
121.4833  23.4463
121.4833  23.4397
121.4833  23.4330
121.4792  23.4263
121.4750  23.4197
121.4708  23.4130
121.4708  23.4063
121.4667  23.3997
121.4625  23.3930
121.4625  23.3863
121.4583  23.3797
121.4583  23.3730
121.4583  23.3663
121.4583  23.3597
121.4583  23.3530
121.4542  23.3463
121.4542  23.3397
121.4542  23.3330
121.4542  23.3263
121.4542  23.3197
121.4500  23.3197
121.4417  23.3130
121.4375  23.3130
121.4333  23.3063
121.4292  23.2997
121.4250  23.2997
121.4208  23.2930
121.4167  23.2863
121.4167  23.2797
121.4167  23.2730
121.4125  23.2663
121.4083  23.2597
121.4083  23.2530
121.4083  23.2463
121.4042  23.2397
121.4042  23.2330
121.4042  23.2197
121.4000  23.2197
121.3958  23.2130
121.3917  23.2130
121.3875  23.2130
121.3875  23.2063
121.3875  23.1863
121.3875  23.1797
121.3917  23.1797
121.3917  23.1730
121.3917  23.1663
121.3875  23.1597
121.3875  23.1530
121.3875  23.1463
121.3875  23.1397
121.3875  23.1330
121.3958  23.1263
121.3875  23.1197
121.3833  23.1197
121.3792  23.1130
121.3750  23.1063
121.3708  23.0997
121.3667  23.0997
121.3625  23.0997
121.3583  23.0997
121.3542  23.0997
121.3500  23.0930
121.3458  23.0863
121.3417  23.0797
121.3417  23.0730
121.3375  23.0730
121.3333  23.0663
121.3333  23.0597
121.3333  23.0530
121.3333  23.0463
121.3292  23.0397
121.3292  23.0330
121.3250  23.0263
121.3208  23.0197
121.3167  23.0130
121.3125  23.0063
121.3083  22.9997
121.3083  22.9930
121.3042  22.9863
121.3000  22.9797
121.2958  22.9730
121.2917  22.9730
121.2875  22.9663
121.2833  22.9597
121.2792  22.9597
121.2750  22.9597
121.2708  22.9530
121.2667  22.9463
121.2667  22.9397
121.2667  22.9330
121.2625  22.9330
121.2583  22.9263
121.2583  22.9197
121.2542  22.9197
121.2542  22.9130
121.2500  22.9130
121.2458  22.9063
121.2458  22.8997
121.2417  22.8930
121.2375  22.8930
121.2375  22.8863
121.2333  22.8863
121.2292  22.8797
121.2250  22.8797
121.2250  22.8730
121.2208  22.8663
121.2167  22.8663
121.2125  22.8663
121.2083  22.8663
121.2042  22.8663
121.2000  22.8663
121.1958  22.8663
121.1917  22.8663
121.1875  22.8597
121.1833  22.8530
121.1792  22.8530
121.1750  22.8463
121.1750  22.8397
121.1750  22.8330
121.1750  22.8263
121.1792  22.8263
121.1792  22.8197
121.1833  22.8130
121.1875  22.8063
121.1875  22.7997
121.1833  22.7930
121.1792  22.7930
121.1750  22.7930
121.1708  22.7930
121.1708  22.7863
121.1667  22.7797
121.1667  22.7730
121.1625  22.7663
121.1625  22.7597
121.1583  22.7597
121.1542  22.7597
121.1500  22.7530
121.1458  22.7463
121.1417  22.7463
121.1375  22.7397
121.1333  22.7397
121.1292  22.7397
121.1250  22.7330
121.1208  22.7263
121.1167  22.7263
121.1125  22.7197
121.1083  22.7197
121.1042  22.7130
121.1000  22.7130
121.0958  22.7130
121.0917  22.7063
121.0875  22.7063
121.0833  22.7063
121.0792  22.7063
121.0750  22.6997
121.0708  22.6997
121.0667  22.6997
121.0625  22.6930
121.0583  22.6930
121.0542  22.6863
121.0500  22.6863
121.0458  22.6797
121.0417  22.6730
121.0375  22.6730
121.0333  22.6730
121.0292  22.6730
121.0250  22.6663
121.0208  22.6663
121.0167  22.6597
121.0125  22.6530
121.0083  22.6463
121.0083  22.6397
121.0042  22.6330
121.0042  22.6263
121.0042  22.6197
121.0000  22.6130
121.0000  22.6063
121.0000  22.5997
121.0000  22.5930
120.9958  22.5930
120.9917  22.5863
120.9875  22.5797
120.9833  22.5797
120.9792  22.5730
120.9750  22.5730
120.9750  22.5663
120.9708  22.5597
120.9708  22.5530
120.9667  22.5463
120.9667  22.5397
120.9625  22.5330
120.9625  22.5263
120.9583  22.5197
120.9542  22.5130
120.9500  22.5063
120.9500  22.4997
120.9458  22.4930
120.9417  22.4863
120.9417  22.4797
120.9417  22.4730
120.9375  22.4663
120.9375  22.4597
120.9333  22.4530
120.9333  22.4463
120.9292  22.4397
120.9250  22.4330
120.9250  22.4263
120.9208  22.4197
120.9167  22.4130
120.9125  22.4063
120.9125  22.3997
120.9083  22.3930
120.9042  22.3863
120.9042  22.3797
120.9000  22.3730
120.9000  22.3663
120.9000  22.3597
120.8958  22.3530
120.8917  22.3463
120.8875  22.3397
120.8833  22.3330
121.5750  22.0038
121.5792  22.0038
121.5833  22.0080
121.5875  22.0163
121.5875  22.0205
121.5833  22.0247
121.5750  22.0288
121.5708  22.0288
121.5667  22.0330
121.5625  22.0372
121.5583  22.0413
121.5542  22.0497
121.5542  22.0580
121.5625  22.0622
121.5583  22.0663
121.5542  22.0705
121.5542  22.0747
121.5542  22.0788
121.5542  22.0830
121.5417  22.0788
121.5375  22.0788
121.5333  22.0788
121.5292  22.0830
121.5250  22.0830
121.5208  22.0830
121.5167  22.0788
121.5125  22.0788
121.5083  22.0788
121.5042  22.0830
121.5000  22.0830
121.4958  22.0830
121.4917  22.0830
121.4958  22.0788
121.5000  22.0747
121.5000  22.0705
121.5000  22.0663
121.5000  22.0622
121.5000  22.0580
121.5000  22.0538
121.5042  22.0497
121.5083  22.0455
121.5125  22.0413
121.5167  22.0372
121.5208  22.0330
121.5250  22.0288
121.5292  22.0288
121.5333  22.0288
121.5375  22.0288
121.5417  22.0288
121.5458  22.0247
121.5500  22.0205
121.5542  22.0205
121.5583  22.0163
121.5625  22.0122
121.5667  22.0080
121.5708  22.0080
121.5750  22.0038
121.4625  22.6663
121.4625  22.6622
121.4667  22.6580
121.4625  22.6538
121.4667  22.6538
121.4708  22.6538
121.4750  22.6497
121.4792  22.6497
121.4833  22.6455
121.4875  22.6455
121.4917  22.6413
121.4875  22.6455
121.4875  22.6497
121.4875  22.6538
121.4917  22.6580
121.4958  22.6622
121.4958  22.6663
121.4958  22.6705
121.4958  22.6747
121.4917  22.6788
121.4875  22.6747
121.4833  22.6747
121.4833  22.6747
121.4792  22.6747
121.4750  22.6788
121.4708  22.6747
121.4667  22.6747
121.4625  22.6747
121.4583  22.6747
121.4542  22.6747
121.4542  22.6705
121.4625  22.6663
120.3458  22.3330
120.3500  22.3372
120.3500  22.3413
120.3542  22.3455
120.3583  22.3497
120.3625  22.3538
120.3667  22.3538
120.3708  22.3497
120.3708  22.3455
120.3708  22.3413
120.3667  22.3372
120.3625  22.3372
120.3583  22.3330
120.3542  22.3288
120.3500  22.3163
120.3458  22.3288
120.3458  22.3330
121.9583  24.8413
121.9542  24.8372
121.9500  24.8372
121.9417  24.8372
121.9375  24.8413
121.9333  24.8455
121.9292  24.8497
121.9333  24.8497
121.9375  24.8497
121.9417  24.8538
121.9458  24.8538
121.9500  24.8538
121.9542  24.8497
121.9583  24.8455
121.9583  24.8413
119.5792  23.5080
119.5833  23.5122
119.5875  23.5138
119.5917  23.5122
119.6000  23.5080
119.6033  23.5080
119.6050  23.5097
119.6033  23.5080
119.6017  23.5122
119.6042  23.5163
119.6050  23.5205
119.6050  23.5213
119.6033  23.5230
119.6017  23.5247
119.6017  23.5263
119.6033  23.5280
119.6083  23.5330
119.6117  23.5363
119.6167  23.5380
119.6217  23.5430
119.6250  23.5463
119.6333  23.5497
119.6367  23.5563
119.6433  23.5597
119.6500  23.5563
119.6567  23.5597
119.6633  23.5613
119.6717  23.5580
119.6700  23.5513
119.6767  23.5513
119.6833  23.5497
119.6867  23.5513
119.6883  23.5547
119.6867  23.5580
119.6800  23.5613
119.6767  23.5663
119.6750  23.5730
119.6733  23.5797
119.6700  23.5863
119.6683  23.5930
119.6667  23.5980
119.6633  23.6013
119.6617  23.6013
119.6617  23.5997
119.6600  23.5930
119.6533  23.5913
119.6517  23.5963
119.6500  23.5980
119.6517  23.6030
119.6500  23.6063
119.6450  23.6080
119.6417  23.5997
119.6450  23.5930
119.6350  23.5863
119.6367  23.5947
119.6267  23.5930
119.6283  23.5830
119.6183  23.5763
119.6183  23.5830
119.6200  23.5897
119.6233  23.5997
119.6250  23.6047
119.6183  23.6030
119.6167  23.5997
119.6100  23.6013
119.6033  23.6013
119.6000  23.6013
119.5967  23.5963
119.6017  23.5930
119.6017  23.5830
119.5933  23.5813
119.5917  23.5680
119.5867  23.5713
119.5800  23.5713
119.5767  23.5780
119.5833  23.5863
119.5817  23.5897
119.5750  23.5830
119.5667  23.5830
119.5600  23.5830
119.5600  23.5797
119.5617  23.5780
119.5633  23.5747
119.5600  23.5663
119.5567  23.5613
119.5617  23.5613
119.5700  23.5680
119.5800  23.5597
119.5750  23.5597
119.5683  23.5530
119.5617  23.5530
119.5600  23.5513
119.5617  23.5497
119.5700  23.5497
119.5733  23.5463
119.5800  23.5497
119.5867  23.5513
119.5933  23.5497
119.6000  23.5497
119.5950  23.5430
119.5883  23.5363
119.5933  23.5297
119.5867  23.5297
119.5800  23.5297
119.5733  23.5313
119.5733  23.5247
119.5733  23.5180
119.5700  23.5180
119.5683  23.5247
119.5683  23.5313
119.5617  23.5347
119.5550  23.5280
119.5517  23.5347
119.5517  23.5380
119.5467  23.5413
119.5450  23.5430
119.5433  23.5430
119.5383  23.5380
119.5417  23.5380
119.5433  23.5330
119.5467  23.5330
119.5483  23.5263
119.5483  23.5197
119.5500  23.5180
119.5567  23.5230
119.5633  23.5197
119.5667  23.5163
119.5683  23.5097
119.5717  23.5063
119.5783  23.5080
119.5850  23.5080
119.5833  23.5122
119.5792  23.5080
119.6000  23.6197
119.6017  23.6263
119.5950  23.6363
119.5967  23.6430
119.6033  23.6463
119.6083  23.6480
119.6067  23.6547
119.6000  23.6613
119.5967  23.6680
119.5950  23.6713
119.5883  23.6697
119.5817  23.6713
119.5750  23.6697
119.5683  23.6680
119.5617  23.6680
119.5550  23.6680
119.5500  23.6613
119.5467  23.6563
119.5533  23.6530
119.5600  23.6497
119.5633  23.6563
119.5650  23.6597
119.5717  23.6613
119.5783  23.6547
119.5833  23.6480
119.5867  23.6413
119.5883  23.6347
119.5883  23.6280
119.5833  23.6213
119.5833  23.6163
119.5900  23.6180
119.5967  23.6180
119.6000  23.6197
119.5200  23.5997
119.5183  23.6063
119.5167  23.6130
119.5167  23.6197
119.5167  23.6263
119.5233  23.6247
119.5300  23.6280
119.5367  23.6297
119.5400  23.6330
119.5400  23.6363
119.5333  23.6380
119.5267  23.6363
119.5200  23.6380
119.5133  23.6413
119.5133  23.6447
119.5117  23.6463
119.5067  23.6463
119.5050  23.6397
119.5000  23.6330
119.5000  23.6263
119.4967  23.6197
119.5033  23.6130
119.5000  23.6063
119.4983  23.5997
119.4983  23.5963
119.4967  23.5897
119.4967  23.5830
119.4950  23.5763
119.4900  23.5697
119.4833  23.5697
119.4767  23.5730
119.4667  23.5663
119.4600  23.5613
119.4600  23.5597
119.4667  23.5597
119.4733  23.5597
119.4800  23.5630
119.4867  23.5663
119.4933  23.5630
119.5000  23.5630
119.5067  23.5630
119.5133  23.5630
119.5117  23.5697
119.5083  23.5763
119.5067  23.5830
119.5100  23.5863
119.5133  23.5930
119.5200  23.5997
119.5000  23.3513
119.5067  23.3497
119.5050  23.3563
119.5083  23.3630
119.5083  23.3697
119.5050  23.3680
119.5033  23.3747
119.5033  23.3813
119.5033  23.3880
119.4967  23.3863
119.4967  23.3930
119.4967  23.3930
119.4933  23.3897
119.4867  23.3897
119.4900  23.3830
119.4900  23.3763
119.4900  23.3697
119.4900  23.3630
119.4867  23.3597
119.4867  23.3530
119.4933  23.3530
119.5000  23.3530
119.5000  23.3513
119.4383  23.2063
119.4400  23.2130
119.4383  23.2163
119.4317  23.2147
119.4250  23.2130
119.4183  23.2130
119.4117  23.2113
119.4050  23.2097
119.4117  23.2030
119.4167  23.1963
119.4167  23.1897
119.4233  23.1880
119.4250  23.1830
119.4267  23.1863
119.4267  23.1930
119.4300  23.1963
119.4367  23.1963
119.4367  23.1997
119.4383  23.2063
122.0738  25.6352
122.0735  25.6355
122.0728  25.6357
122.0722  25.6355
122.0720  25.6353
122.0718  25.6350
122.0707  25.6350
122.0702  25.6348
122.0692  25.6347
122.0683  25.6345
122.0685  25.6347
122.0677  25.6343
122.0668  25.6340
122.0662  25.6338
122.0655  25.6335
122.0650  25.6330
122.0645  25.6323
122.0643  25.6315
122.0638  25.6305
122.0638  25.6298
122.0642  25.6290
122.0647  25.6285
122.0655  25.6282
122.0662  25.6278
122.0672  25.6275
122.0678  25.6272
122.0682  25.6270
122.0685  25.6268
122.0685  25.6262
122.0688  25.6257
122.0690  25.6253
122.0693  25.6250
122.0697  25.6247
122.0703  25.6245
122.0710  25.6247
122.0713  25.6248
122.0720  25.6247
122.0725  25.6248
122.0732  25.6250
122.0737  25.6253
122.0738  25.6260
122.0740  25.6265
122.0732  25.6268
122.0730  25.6273
122.0735  25.6277
122.0743  25.6280
122.0748  25.6285
122.0752  25.6288
122.0757  25.6292
122.0760  25.6295
122.0762  25.6300
122.0768  25.6305
122.0772  25.6310
122.0770  25.6325
122.0768  25.6330
122.0762  25.6328
122.0765  25.6335
122.0767  25.6342
122.0765  25.6348
122.0762  25.6353
122.0755  25.6357
122.0748  25.6355
122.0743  25.6352
122.0745  25.6352
122.0738  25.6352
122.0980  25.4853
122.0983  25.4857
122.0987  25.4857
122.0988  25.4860
122.0995  25.4862
122.0988  25.4865
122.0985  25.4868
122.0983  25.4872
122.0985  25.4875
122.0985  25.4880
122.0988  25.4883
122.0992  25.4887
122.0988  25.4890
122.0988  25.4895
122.0987  25.4900
122.0983  25.4903
122.0978  25.4902
122.0975  25.4900
122.0968  25.4902
122.0965  25.4902
122.0962  25.4898
122.0960  25.4893
122.0958  25.4888
122.0958  25.4883
122.0957  25.4880
122.0953  25.4882
122.0950  25.4883
122.0948  25.4878
122.0948  25.4875
122.0947  25.4873
122.0950  25.4867
122.0950  25.4862
122.0948  25.4855
122.0950  25.4850
122.0955  25.4847
122.0958  25.4843
122.0963  25.4842
122.0967  25.4840
122.0972  25.4838
122.0975  25.4842
122.0975  25.4847
122.0977  25.4850
122.0978  25.4855
122.0980  25.4853
121.9377  25.4272
121.9377  25.4268
121.9375  25.4267
121.9377  25.4265
121.9377  25.4263
121.9375  25.4260
121.9375  25.4258
121.9377  25.4258
121.9380  25.4258
121.9380  25.4260
121.9380  25.4263
121.9382  25.4267
121.9383  25.4265
121.9387  25.4265
121.9388  25.4265
121.9387  25.4268
121.9383  25.4270
121.9380  25.4270
121.9378  25.4272
121.9377  25.4270
121.9377  25.4268
121.9377  25.4272
119.7060  26.0000
119.7080  25.9928
119.7060  25.9820
119.7040  25.9730
119.7020  25.9658
119.7000  25.9587
119.6980  25.9533
119.6960  25.9480
119.6940  25.9443
119.6900  25.9390
119.6860  25.9353
119.6840  25.9300
119.6860  25.9282
119.6840  25.9192
119.6860  25.9138
119.6840  25.9030
119.6800  25.8977
119.6780  25.8905
119.6760  25.8923
119.6720  25.8887
119.6680  25.8852
119.6580  25.8833
119.6500  25.8852
119.6400  25.8833
119.6300  25.8780
119.6260  25.8707
119.6220  25.8653
119.6200  25.8582
119.6140  25.8545
119.6120  25.8492
119.6100  25.8438
119.6060  25.8385
119.6080  25.8402
119.6060  25.8385
119.6040  25.8348
119.5940  25.8367
119.5860  25.8457
119.5840  25.8510
119.5820  25.8600
119.5800  25.8653
119.5720  25.8600
119.5700  25.8510
119.5720  25.8438
119.5700  25.8330
119.5740  25.8258
119.5760  25.8187
119.5780  25.8115
119.5800  25.8097
119.5840  25.8078
119.5900  25.8007
119.5980  25.7935
119.6000  25.7900
119.6020  25.7845
119.6060  25.7792
119.6080  25.7738
119.6100  25.7683
119.6120  25.7595
119.6140  25.7577
119.6160  25.7522
119.6180  25.7468
119.6160  25.7397
119.6140  25.7343
119.6080  25.7272
119.6060  25.7235
119.6000  25.7145
119.5980  25.7127
119.5960  25.7002
119.5980  25.6930
119.5920  25.6822
119.5940  25.6805
119.5920  25.6715
119.5860  25.6678
119.5800  25.6607
119.5720  25.6572
119.5620  25.6588
119.5580  25.6643
119.5560  25.6678
119.5520  25.6697
119.5480  25.6732
119.5400  25.6768
119.5320  25.6750
119.5240  25.6732
119.5180  25.6678
119.5120  25.6643
119.5020  25.6607
119.4880  25.6588
119.4840  25.6572
119.4760  25.6553
119.4660  25.6588
119.4620  25.6607
119.4540  25.6660
119.4440  25.6678
119.4340  25.6750
119.4260  25.6678
119.4280  25.6660
119.4300  25.6588
119.4360  25.6482
119.4420  25.6445
119.4440  25.6373
119.4480  25.6265
119.4500  25.6230
119.4520  25.6087
119.4540  25.5997
119.4560  25.5943
119.4640  25.5960
119.4680  25.5997
119.4740  25.6032
119.4800  25.6050
119.4840  25.6015
119.4860  25.5960
119.4880  25.5888
119.4840  25.5798
119.4860  25.5817
119.4840  25.5798
119.4860  25.5817
119.4840  25.5798
119.4820  25.5745
119.4800  25.5692
119.4780  25.5583
119.4800  25.5512
119.4820  25.5458
119.4880  25.5403
119.4940  25.5350
119.4920  25.5332
119.4980  25.5297
119.5060  25.5260
119.5100  25.5242
119.5200  25.5260
119.5220  25.5315
119.5240  25.5368
119.5260  25.5387
119.5280  25.5458
119.5320  25.5475
119.5440  25.5440
119.5540  25.5422
119.5580  25.5475
119.5620  25.5512
119.5680  25.5565
119.5720  25.5637
119.5780  25.5620
119.5800  25.5548
119.5760  25.5475
119.5740  25.5422
119.5700  25.5350
119.5680  25.5297
119.5700  25.5188
119.5720  25.5135
119.5780  25.5098
119.5800  25.5008
119.5820  25.4973
119.5800  25.4883
119.5740  25.4865
119.5760  25.4883
119.5740  25.4865
119.5680  25.4830
119.5740  25.4812
119.5800  25.4830
119.5860  25.4758
119.5840  25.4703
119.5860  25.4632
119.5880  25.4613
119.5920  25.4632
119.5980  25.4668
119.6000  25.4685
119.6060  25.4668
119.6080  25.4560
119.6120  25.4507
119.6200  25.4470
119.6240  25.4435
119.6280  25.4363
119.6260  25.4292
119.6200  25.4237
119.6160  25.4202
119.6180  25.4183
119.6160  25.4130
119.6140  25.4040
119.6280  25.4003
119.6320  25.3985
119.6380  25.3932
119.6440  25.3807
119.6420  25.3735
119.6380  25.3662
119.6320  25.3608
119.6280  25.3537
119.6240  25.3375
119.6300  25.3340
119.6360  25.3322
119.6400  25.3303
119.6440  25.3250
119.6420  25.3107
119.6340  25.3142
119.6200  25.3178
119.6100  25.3160
119.5980  25.3142
119.5880  25.3178
119.5860  25.3213
119.5840  25.3303
119.5860  25.3340
119.5900  25.3428
119.5860  25.3518
119.5840  25.3645
119.5820  25.3842
119.5840  25.3950
119.5820  25.4022
119.5780  25.4075
119.5700  25.4255
119.5640  25.4308
119.5580  25.4273
119.5520  25.4255
119.5380  25.4273
119.5300  25.4218
119.5320  25.4183
119.5300  25.4040
119.5240  25.3985
119.5260  25.3897
119.5280  25.3807
119.5340  25.3770
119.5460  25.3807
119.5540  25.3823
119.5580  25.3735
119.5380  25.3627
119.5240  25.3573
119.5100  25.3537
119.4980  25.3428
119.4900  25.3412
119.4800  25.3483
119.4820  25.3627
119.4920  25.3788
119.4900  25.3860
119.4880  25.3950
119.4860  25.4040
119.4840  25.4130
119.4860  25.4218
119.4920  25.4292
119.4960  25.4470
119.4840  25.4488
119.4700  25.4470
119.4620  25.4380
119.4520  25.4327
119.4460  25.4255
119.4420  25.4218
119.4340  25.4273
119.4300  25.4363
119.4280  25.4488
119.4360  25.4578
119.4400  25.4758
119.4280  25.4830
119.4160  25.4883
119.4000  25.4902
119.3880  25.4973
119.3860  25.4955
119.3700  25.5008
119.3560  25.5117
119.3580  25.5207
119.3620  25.5350
119.3660  25.5548
119.3600  25.5692
119.3540  25.5798
119.3480  25.5853
119.3400  25.5907
119.3220  25.5925
119.3140  25.5960
119.3080  25.5978
119.3060  25.5888
119.3120  25.5782
119.3180  25.5708
119.3160  25.5620
119.3100  25.5548
119.3020  25.5512
119.2960  25.5548
119.2860  25.5565
119.2760  25.5530
119.2740  25.5458
119.2700  25.5297
119.2680  25.5153
119.2640  25.5098
119.2560  25.4992
119.2420  25.4793
119.2260  25.4613
119.2120  25.4560
119.2020  25.4507
119.1880  25.4452
119.1680  25.4380
119.1520  25.4273
119.1360  25.4183
119.1260  25.4112
119.1120  25.4022
119.0980  25.4003
119.1000  25.4022
119.0880  25.4003
119.0780  25.4022
119.0680  25.4040
119.0580  25.4075
119.0540  25.4022
119.0580  25.3932
119.0640  25.3897
119.0760  25.3878
119.0860  25.3860
119.0940  25.3823
119.1020  25.3717
119.1100  25.3645
119.1240  25.3627
119.1380  25.3645
119.1480  25.3555
119.1520  25.3447
119.1620  25.3340
119.1600  25.3357
119.1700  25.3303
119.1720  25.3178
119.1800  25.3088
119.1900  25.3142
119.1880  25.3285
119.1980  25.3393
119.2080  25.3322
119.2100  25.3195
119.2080  25.3070
119.2000  25.2873
119.1920  25.2783
119.1980  25.2657
119.1960  25.2567
119.2020  25.2495
119.2100  25.2460
119.2180  25.2478
119.2300  25.2513
119.2380  25.2567
119.2360  25.2675
119.2380  25.2783
119.2420  25.2873
119.2500  25.2927
119.2660  25.2945
119.2720  25.2908
119.2800  25.2962
119.2880  25.2837
119.2940  25.2765
119.3020  25.2693
119.3140  25.2622
119.3300  25.2603
119.3340  25.2513
119.3460  25.2460
119.3500  25.2333
119.3440  25.2208
119.3240  25.2227
119.3120  25.2208
119.2960  25.2172
119.2800  25.2190
119.2740  25.2137
119.2720  25.2065
119.2740  25.2083
119.2720  25.1993
119.2740  25.1957
119.2780  25.1867
119.2800  25.1813
119.2740  25.1670
119.2660  25.1598
119.2580  25.1562
119.2500  25.1543
119.2400  25.1562
119.2320  25.1670
119.2220  25.1688
119.2120  25.1670
119.2040  25.1652
119.1980  25.1615
119.1900  25.1580
119.1840  25.1562
119.1720  25.1580
119.1640  25.1598
119.1540  25.1652
119.1440  25.1705
119.1340  25.1760
119.1280  25.1885
119.1300  25.1957
119.1340  25.2010
119.1440  25.2065
119.1480  25.2190
119.1520  25.2280
119.1480  25.2333
119.1380  25.2352
119.1300  25.2405
119.1260  25.2333
119.1240  25.2280
119.1260  25.2190
119.1240  25.2172
119.1160  25.2118
119.1040  25.2010
119.0960  25.1922
119.0900  25.1832
119.0840  25.1670
119.0860  25.1598
119.0900  25.1543
119.1020  25.1580
119.1120  25.1562
119.1180  25.1527
119.1200  25.1472
119.1240  25.1347
119.1320  25.1328
119.1360  25.1275
119.1420  25.1220
119.1400  25.1148
119.1320  25.1077
119.1220  25.1060
119.1100  25.1077
119.1020  25.1113
119.0960  25.1167
119.0980  25.1148
119.0920  25.1185
119.0760  25.1238
119.0640  25.1257
119.0440  25.1275
119.0420  25.1382
119.0440  25.1437
119.0460  25.1455
119.0500  25.1633
119.0540  25.1742
119.0580  25.1850
119.0600  25.1938
119.0580  25.2028
119.0600  25.2083
119.0580  25.2100
119.0440  25.2083
119.0340  25.2100
119.0220  25.2083
119.0160  25.2100
119.0080  25.2118
119.0040  25.2100
119.0020  25.2118
119.0002  25.2108
119.0000  25.2100
119.0000  26.0000
119.7060  26.0000
119.7700  25.6410
119.7580  25.6338
119.7520  25.6283
119.7480  25.6230
119.7460  25.6193
119.7420  25.6158
119.7280  25.6177
119.7300  25.6158
119.7260  25.6122
119.7220  25.6087
119.7160  25.6050
119.7080  25.5943
119.7020  25.5907
119.6960  25.5853
119.6940  25.5870
119.6900  25.5817
119.6860  25.5727
119.6920  25.5655
119.6980  25.5620
119.7060  25.5637
119.7160  25.5673
119.7220  25.5655
119.7280  25.5620
119.7300  25.5493
119.7240  25.5332
119.7180  25.5260
119.7140  25.5188
119.7120  25.5063
119.7140  25.5008
119.7260  25.4920
119.7320  25.4955
119.7380  25.5027
119.7440  25.5080
119.7480  25.5135
119.7560  25.5153
119.7600  25.5117
119.7680  25.5080
119.7740  25.5027
119.7780  25.4992
119.7760  25.4937
119.7740  25.4883
119.7700  25.4830
119.7620  25.4775
119.7480  25.4758
119.7380  25.4775
119.7400  25.4758
119.7300  25.4793
119.7200  25.4812
119.7140  25.4847
119.7060  25.4865
119.6880  25.4883
119.6800  25.4793
119.6740  25.4685
119.6760  25.4632
119.6880  25.4613
119.7060  25.4668
119.7160  25.4703
119.7200  25.4632
119.7160  25.4488
119.7040  25.4417
119.6980  25.4363
119.7000  25.4183
119.7020  25.4093
119.7060  25.3968
119.7120  25.3897
119.7180  25.3842
119.7280  25.3788
119.7400  25.3717
119.7600  25.3752
119.7620  25.3878
119.7520  25.3950
119.7500  25.4040
119.7480  25.4183
119.7560  25.4255
119.7620  25.4327
119.7720  25.4380
119.7840  25.4398
119.7940  25.4452
119.8120  25.4470
119.8100  25.4452
119.8220  25.4435
119.8320  25.4417
119.8340  25.4435
119.8440  25.4380
119.8540  25.4363
119.8560  25.4452
119.8500  25.4578
119.8480  25.4632
119.8420  25.4685
119.8240  25.4650
119.8220  25.4668
119.8140  25.4685
119.8060  25.4758
119.8040  25.4847
119.8060  25.4973
119.8080  25.5080
119.8160  25.5135
119.8260  25.5170
119.8360  25.5207
119.8440  25.5188
119.8540  25.5170
119.8660  25.5207
119.8680  25.5260
119.8740  25.5350
119.8700  25.5458
119.8560  25.5475
119.8460  25.5458
119.8260  25.5475
119.8180  25.5512
119.8200  25.5602
119.8280  25.5692
119.8260  25.5782
119.8160  25.5853
119.8080  25.5907
119.7940  25.5925
119.7820  25.5960
119.7760  25.6015
119.7740  25.6068
119.7720  25.6193
119.7780  25.6302
119.7760  25.6392
119.7700  25.6410
119.3320  25.5530
119.3240  25.5440
119.3160  25.5403
119.3080  25.5387
119.3000  25.5332
119.2940  25.5260
119.2880  25.5153
119.2780  25.5063
119.2760  25.4955
119.2700  25.4883
119.2680  25.4812
119.2620  25.4758
119.2580  25.4685
119.2560  25.4613
119.2600  25.4525
119.2620  25.4435
119.2680  25.4363
119.2760  25.4380
119.2820  25.4363
119.2840  25.4292
119.2800  25.4202
119.2740  25.4165
119.2700  25.4075
119.2740  25.3968
119.2840  25.3913
119.2880  25.3968
119.2920  25.4057
119.2980  25.4112
119.3020  25.4165
119.3100  25.4147
119.3260  25.4130
119.3320  25.4165
119.3280  25.4255
119.3220  25.4345
119.3200  25.4470
119.3180  25.4597
119.3200  25.4578
119.3240  25.4758
119.3280  25.4883
119.3320  25.5045
119.3340  25.5063
119.3320  25.5045
119.3340  25.5063
119.3380  25.5188
119.3340  25.5260
119.3320  25.5403
119.3340  25.5493
119.3320  25.5530
119.4520  25.2352
119.4440  25.2262
119.4340  25.2208
119.4280  25.2100
119.4240  25.2010
119.4300  25.1922
119.4360  25.1832
119.4400  25.1742
119.4500  25.1688
119.4620  25.1670
119.4700  25.1688
119.4760  25.1742
119.4840  25.1795
119.4940  25.1760
119.5040  25.1742
119.5020  25.1652
119.5000  25.1543
119.5060  25.1490
119.5160  25.1455
119.5260  25.1437
119.5340  25.1455
119.5360  25.1562
119.5320  25.1652
119.5340  25.1742
119.5420  25.1705
119.5480  25.1723
119.5560  25.1813
119.5620  25.1885
119.5580  25.1922
119.5420  25.1903
119.5320  25.1850
119.5240  25.1832
119.5080  25.1813
119.5040  25.1885
119.4960  25.1938
119.4900  25.1975
119.4840  25.2010
119.4820  25.2065
119.4760  25.2137
119.4660  25.2208
119.4620  25.2262
119.4580  25.2298
119.4560  25.2333
119.4520  25.2352
119.1320  25.0718
119.1200  25.0700
119.1120  25.0718
119.1040  25.0682
119.1020  25.0628
119.1000  25.0557
119.0980  25.0485
119.0920  25.0413
119.0880  25.0377
119.0860  25.0323
119.0880  25.0287
119.0920  25.0252
119.0980  25.0197
119.1000  25.0125
119.1020  25.0072
119.1120  25.0090
119.1140  25.0125
119.1160  25.0180
119.1220  25.0233
119.1240  25.0287
119.1260  25.0377
119.1220  25.0448
119.1200  25.0485
119.1260  25.0575
119.1300  25.0592
119.1360  25.0628
119.1320  25.0718
123.0032  24.4685
123.0018  24.4695
122.9982  24.4685
122.9993  24.4695
122.9943  24.4707
122.9895  24.4695
122.9832  24.4707
122.9782  24.4685
122.9720  24.4673
122.9683  24.4650
122.9645  24.4615
122.9620  24.4603
122.9583  24.4582
122.9570  24.4570
122.9545  24.4523
122.9533  24.4488
122.9545  24.4467
122.9570  24.4443
122.9633  24.4420
122.9708  24.4432
122.9782  24.4420
122.9857  24.4432
122.9907  24.4443
122.9943  24.4455
122.9993  24.4467
123.0032  24.4455
123.0068  24.4443
123.0093  24.4420
123.0118  24.4408
123.0155  24.4385
123.0205  24.4375
123.0218  24.4385
123.0243  24.4397
123.0268  24.4408
123.0305  24.4420
123.0342  24.4408
123.0417  24.4420
123.0492  24.4443
123.0503  24.4467
123.0542  24.4478
123.0578  24.4488
123.0628  24.4512
123.0642  24.4547
123.0653  24.4570
123.0642  24.4603
123.0617  24.4615
123.0578  24.4603
123.0528  24.4615
123.0478  24.4638
123.0467  24.4662
123.0430  24.4685
123.0405  24.4695
123.0367  24.4707
123.0268  24.4718
123.0255  24.4707
123.0193  24.4730
123.0143  24.4695
123.0093  24.4707
123.0032  24.4685
123.7785  24.4385
123.7760  24.4328
123.7772  24.4293
123.7822  24.4237
123.7835  24.4213
123.7847  24.4202
123.7872  24.4145
123.7885  24.4122
123.7897  24.4053
123.7885  24.4007
123.7860  24.3983
123.7822  24.3962
123.7835  24.3972
123.7810  24.3983
123.7797  24.4018
123.7785  24.4053
123.7772  24.4087
123.7747  24.4133
123.7685  24.4145
123.7648  24.4122
123.7623  24.4098
123.7598  24.4053
123.7573  24.3972
123.7548  24.3835
123.7560  24.3743
123.7573  24.3685
123.7598  24.3605
123.7610  24.3548
123.7623  24.3490
123.7635  24.3445
123.7623  24.3387
123.7610  24.3307
123.7598  24.3295
123.7560  24.3272
123.7523  24.3238
123.7535  24.3227
123.7512  24.3238
123.7498  24.3227
123.7473  24.3272
123.7448  24.3318
123.7412  24.3330
123.7312  24.3352
123.7300  24.3422
123.7275  24.3445
123.7212  24.3433
123.7187  24.3478
123.7162  24.3502
123.7125  24.3513
123.7113  24.3490
123.7088  24.3433
123.7100  24.3422
123.7125  24.3375
123.7150  24.3330
123.7162  24.3283
123.7150  24.3248
123.7100  24.3260
123.7038  24.3283
123.7050  24.3272
123.6975  24.3283
123.6938  24.3248
123.6952  24.3192
123.6913  24.3168
123.6802  24.3112
123.6813  24.3032
123.6827  24.2985
123.6863  24.2928
123.6913  24.2882
123.6963  24.2847
123.7088  24.2825
123.7162  24.2802
123.7237  24.2825
123.7300  24.2882
123.7337  24.2917
123.7362  24.2928
123.7473  24.2905
123.7535  24.2858
123.7648  24.2847
123.7747  24.2825
123.7822  24.2813
123.7897  24.2778
123.7947  24.2755
123.8008  24.2743
123.8095  24.2732
123.8120  24.2710
123.8170  24.2698
123.8233  24.2675
123.8295  24.2663
123.8345  24.2640
123.8370  24.2652
123.8432  24.2675
123.8457  24.2687
123.8493  24.2698
123.8557  24.2675
123.8593  24.2640
123.8643  24.2618
123.8705  24.2595
123.8780  24.2560
123.8867  24.2572
123.8917  24.2640
123.8942  24.2698
123.8980  24.2755
123.9005  24.2778
123.9078  24.2790
123.9103  24.2825
123.9128  24.2882
123.9142  24.2973
123.9153  24.3088
123.9167  24.3077
123.9178  24.3123
123.9192  24.3168
123.9217  24.3192
123.9290  24.3168
123.9340  24.3192
123.9353  24.3227
123.9365  24.3283
123.9378  24.3363
123.9390  24.3410
123.9415  24.3490
123.9465  24.3548
123.9477  24.3593
123.9440  24.3673
123.9378  24.3697
123.9315  24.3720
123.9253  24.3755
123.9203  24.3812
123.9128  24.3835
123.9053  24.3880
123.9030  24.3903
123.8967  24.3915
123.8917  24.3927
123.8867  24.3995
123.8768  24.4042
123.8693  24.4030
123.8518  24.4018
123.8532  24.4030
123.8432  24.3995
123.8295  24.4007
123.8233  24.4018
123.8170  24.4075
123.8120  24.4122
123.8083  24.4202
123.7972  24.4260
123.7908  24.4305
123.7872  24.4340
123.7785  24.4385
123.7660  24.0573
123.7722  24.0528
123.7810  24.0540
123.7908  24.0528
123.7958  24.0517
123.8033  24.0493
123.8083  24.0482
123.8158  24.0493
123.8170  24.0482
123.8208  24.0517
123.8233  24.0563
123.8245  24.0643
123.8233  24.0667
123.8208  24.0688
123.8183  24.0700
123.8145  24.0712
123.8083  24.0723
123.8095  24.0712
123.8033  24.0770
123.7972  24.0758
123.7922  24.0747
123.7933  24.0758
123.7872  24.0735
123.7847  24.0723
123.7810  24.0712
123.7760  24.0688
123.7710  24.0677
123.7685  24.0655
123.7673  24.0608
123.7685  24.0597
123.7660  24.0573
123.7362  24.3812
123.7287  24.3765
123.7250  24.3755
123.7237  24.3743
123.7212  24.3732
123.7200  24.3685
123.7212  24.3652
123.7225  24.3640
123.7237  24.3617
123.7275  24.3628
123.7337  24.3640
123.7362  24.3662
123.7387  24.3697
123.7398  24.3720
123.7412  24.3732
123.7398  24.3765
123.7373  24.3800
123.7362  24.3812
121.9420  21.0797
121.9408  21.0785
121.9383  21.0773
121.9358  21.0750
121.9345  21.0727
121.9333  21.0703
121.9322  21.0668
121.9333  21.0622
121.9322  21.0633
121.9345  21.0600
121.9383  21.0622
121.9433  21.0633
121.9458  21.0668
121.9483  21.0692
121.9495  21.0715
121.9483  21.0750
121.9458  21.0773
121.9433  21.0797
121.9408  21.0785
121.9420  21.0797
121.9072  21.0355
121.9060  21.0332
121.9047  21.0308
121.9060  21.0285
121.9047  21.0250
121.9072  21.0238
121.9083  21.0250
121.9097  21.0262
121.9108  21.0297
121.9097  21.0308
121.9083  21.0332
121.9072  21.0343
121.9072  21.0355
121.8885  20.9517
121.8860  20.9493
121.8847  20.9458
121.8835  20.9435
121.8847  20.9400
121.8872  20.9355
121.8897  20.9332
121.8922  20.9297
121.8947  20.9285
121.8972  20.9262
121.9010  20.9250
121.9047  20.9262
121.9072  20.9297
121.9060  20.9332
121.9072  20.9343
121.9047  20.9367
121.9035  20.9390
121.9010  20.9423
121.8972  20.9458
121.8935  20.9505
121.8910  20.9517
121.8885  20.9528
121.8885  20.9517
121.8847  20.9250
121.8822  20.9215
121.8810  20.9192
121.8798  20.9180
121.8785  20.9145
121.8810  20.9133
121.8847  20.9122
121.8872  20.9145
121.8860  20.9192
121.8847  20.9227
121.8835  20.9238
121.8847  20.9227
121.8847  20.9250
121.8387  20.8400
121.8362  20.8377
121.8273  20.8365
121.8237  20.8353
121.8187  20.8318
121.8137  20.8283
121.8112  20.8248
121.8075  20.8168
121.8062  20.8110
121.8025  20.8040
121.7988  20.8005
121.7938  20.7947
121.7925  20.7912
121.7913  20.7842
121.7888  20.7783
121.7850  20.7737
121.7800  20.7678
121.7763  20.7643
121.7713  20.7585
121.7652  20.7517
121.7638  20.7458
121.7613  20.7377
121.7638  20.7225
121.7652  20.7178
121.7677  20.7132
121.7713  20.7097
121.7738  20.7050
121.7775  20.7038
121.7838  20.7050
121.7875  20.7097
121.7913  20.7143
121.7963  20.7202
121.8012  20.7213
121.8050  20.7225
121.8100  20.7237
121.8150  20.7248
121.8212  20.7272
121.8262  20.7307
121.8273  20.7342
121.8298  20.7423
121.8312  20.7493
121.8337  20.7575
121.8348  20.7608
121.8373  20.7643
121.8423  20.7678
121.8462  20.7702
121.8498  20.7748
121.8487  20.7795
121.8498  20.7912
121.8487  20.7982
121.8512  20.8005
121.8535  20.8040
121.8548  20.8122
121.8535  20.8190
121.8523  20.8307
121.8512  20.8342
121.8473  20.8365
121.8423  20.8388
121.8362  20.8377
121.8387  20.8400
121.9010  20.7248
121.8985  20.7225
121.8947  20.7178
121.8935  20.7155
121.8922  20.7108
121.8935  20.7085
121.8947  20.7062
121.8985  20.7050
121.9035  20.7073
121.9072  20.7085
121.9097  20.7108
121.9122  20.7143
121.9108  20.7225
121.9072  20.7248
121.9035  20.7260
121.9047  20.7248
121.8997  20.7272
121.9010  20.7248
121.9358  20.4840
121.9345  20.4770
121.9383  20.4735
121.9408  20.4677
121.9433  20.4630
121.9458  20.4607
121.9433  20.4560
121.9408  20.4503
121.9358  20.4480
121.9322  20.4433
121.9258  20.4375
121.9208  20.4352
121.9158  20.4305
121.9122  20.4270
121.9072  20.4247
121.9047  20.4235
121.9022  20.4200
121.9010  20.4153
121.9060  20.4107
121.9047  20.4037
121.9060  20.3990
121.9010  20.3955
121.8985  20.3922
121.8972  20.3898
121.8960  20.3863
121.8972  20.3782
121.9010  20.3770
121.9022  20.3723
121.9047  20.3700
121.9097  20.3665
121.9158  20.3642
121.9247  20.3630
121.9322  20.3653
121.9395  20.3688
121.9383  20.3677
121.9445  20.3723
121.9483  20.3782
121.9533  20.3887
121.9570  20.3943
121.9583  20.3978
121.9558  20.4048
121.9570  20.4188
121.9583  20.4270
121.9607  20.4375
121.9632  20.4445
121.9707  20.4503
121.9745  20.4538
121.9807  20.4560
121.9918  20.4572
121.9993  20.4618
122.0093  20.4735
122.0107  20.4863
122.0068  20.4968
122.0007  20.5003
121.9918  20.4992
121.9857  20.5003
121.9782  20.4968
121.9695  20.4933
121.9620  20.4922
121.9558  20.4898
121.9520  20.4875
121.9445  20.4863
121.9383  20.4852
121.9333  20.4817
121.9358  20.4840
121.8362  20.3607
121.8312  20.3548
121.8273  20.3467
121.8250  20.3420
121.8237  20.3317
121.8250  20.3223
121.8273  20.3177
121.8287  20.3025
121.8298  20.2943
121.8337  20.2885
121.8373  20.2850
121.8423  20.2803
121.8523  20.2862
121.8512  20.2990
121.8535  20.3048
121.8585  20.3025
121.8635  20.3013
121.8673  20.3083
121.8710  20.3142
121.8698  20.3247
121.8685  20.3305
121.8673  20.3385
121.8648  20.3443
121.8610  20.3502
121.8548  20.3548
121.8498  20.3560
121.8448  20.3583
121.8387  20.3595
121.8362  20.3607
121.7925  20.3490
121.7875  20.3455
121.7850  20.3420
121.7838  20.3385
121.7825  20.3328
121.7838  20.3270
121.7850  20.3223
121.7863  20.3188
121.7888  20.3153
121.7938  20.3165
121.7988  20.3223
121.8000  20.3270
121.8012  20.3362
121.7988  20.3432
121.7950  20.3490
121.7900  20.3478
121.7925  20.3490
